%826A Stockholm          Sweden              1889 59195N 018049E 0000 3 00000R MM
%Threshold-value: 205.112847
%Year, month, day, surgeheight
1890 	5 	26 	342.265625
1890 	11 	24 	546.89930555556
1891 	2 	12 	267.08159722222
1891 	10 	22 	214.84375
1891 	12 	15 	278.37673611111
1892 	1 	8 	242.82812500001
1892 	12 	5 	244.61284722222
1893 	11 	6 	233.50173611111
1894 	1 	1 	250.83159722222
1894 	2 	12 	449.83333333333
1894 	12 	31 	249.55555555556
1895 	3 	25 	209.765625
1895 	8 	9 	218.19270833333
1895 	12 	7 	223.07986111111
1895 	12 	13 	264.70138888888
1896 	1 	16 	244.42708333333
1896 	2 	12 	265.07465277778
1896 	3 	12 	249.28645833334
1897 	12 	1 	436.10416666667
1898 	2 	3 	219.37847222222
1898 	11 	6 	211.13368055556
1898 	12 	15 	351.74305555555
1899 	1 	2 	244.10590277778
1899 	12 	2 	219.46701388888
1899 	12 	6 	258.94097222222
1900 	3 	17 	233.30729166667
1900 	12 	22 	206.25694444444
1900 	12 	26 	339.15972222223
1900 	12 	29 	381.75347222222
1901 	1 	30 	207.78472222222
1901 	9 	1 	230.59375
1901 	11 	14 	252.34548611111
1901 	12 	3 	230.07291666667
1902 	9 	19 	210.06597222222
1902 	11 	5 	208.86805555555
1902 	12 	29 	251.63715277778
1903 	1 	11 	224.10069444444
1903 	7 	18 	215.19791666667
1903 	10 	6 	224.84375
1903 	12 	2 	214.87847222222
1904 	1 	16 	223.375
1904 	11 	9 	239.16666666667
1905 	1 	13 	325.00520833333
1905 	4 	10 	260.43229166666
1906 	2 	3 	206.30381944444
1906 	3 	13 	237.53645833333
1906 	3 	18 	228.44791666666
1906 	12 	5 	263.43229166667
1906 	12 	10 	237.86458333333
1907 	2 	21 	218.17013888889
1907 	4 	28 	221.59027777778
1908 	2 	1 	216.94270833333
1909 	11 	13 	245.36111111112
1910 	10 	13 	232.42881944444
1911 	1 	2 	285.18055555556
1911 	2 	24 	233.95486111111
1911 	10 	3 	221.46354166667
1912 	1 	5 	210.16666666667
1912 	2 	1 	229.80729166667
1912 	4 	9 	537.06423611111
1913 	3 	18 	246.21701388889
1913 	4 	12 	228.26388888888
1914 	1 	9 	401.96006944444
1914 	2 	20 	250.78472222222
1914 	11 	14 	213.09895833333
1915 	5 	15 	225.58159722223
1915 	9 	27 	221.80208333333
1915 	12 	12 	250.07465277778
1916 	2 	17 	297.31076388889
1916 	8 	4 	212.67534722223
1916 	10 	17 	247.69097222222
1916 	11 	13 	210.28125
1917 	1 	4 	273.78298611111
1917 	11 	27 	209.07291666667
1917 	12 	3 	256.11805555555
1918 	1 	8 	257.55902777778
1918 	2 	27 	215.46701388889
1918 	10 	1 	265.93923611111
1919 	12 	7 	279.39236111111
1920 	11 	17 	258.46701388889
1921 	1 	11 	267.796875
1921 	1 	27 	205.70486111111
1921 	1 	31 	239.61111111111
1921 	4 	19 	229.14930555555
1921 	10 	24 	349.875
1921 	11 	5 	382.56944444444
1921 	12 	24 	263.37847222223
1921 	12 	31 	251.85416666667
1922 	1 	14 	232.57465277777
1923 	2 	3 	241.60590277778
1923 	11 	20 	344.77604166667
1923 	12 	18 	228.90104166667
1924 	2 	5 	324.77430555556
1924 	4 	22 	252.11111111111
1925 	6 	21 	208.765625
1925 	9 	9 	259.34201388889
1925 	10 	14 	374.82465277778
1926 	3 	12 	221.29340277778
1926 	11 	20 	237.90798611111
1927 	4 	25 	241.44965277778
1928 	1 	14 	314.13541666667
1928 	12 	28 	206.734375
1929 	1 	19 	235.99305555556
1929 	4 	26 	221.54340277777
1929 	7 	8 	272.91493055555
1930 	10 	6 	266.49305555555
1930 	11 	15 	212.19097222222
1931 	12 	15 	251.52951388889
1931 	12 	28 	249.90624999999
1933 	1 	10 	209.47395833334
1933 	2 	15 	210.42013888889
1934 	10 	15 	261.90798611111
1935 	2 	26 	232.92534722223
1935 	3 	1 	241.80729166667
1935 	9 	26 	243.37326388889
1935 	10 	20 	285.83159722222
1935 	12 	1 	223.25347222222
1935 	12 	6 	249.43055555555
1936 	9 	8 	248.30208333334
1936 	10 	4 	245.77604166667
1936 	12 	6 	247.36111111111
1937 	1 	7 	291.35069444445
1937 	1 	10 	207.92534722222
1937 	9 	13 	376.46875
1937 	12 	2 	210.40972222222
1939 	2 	13 	249.78125
1939 	2 	18 	249.80034722222
1939 	2 	22 	218.47743055556
1939 	4 	23 	290.39236111111
1939 	4 	26 	270.44965277777
1939 	12 	3 	282.76041666667
1939 	12 	30 	251.921875
1940 	1 	15 	217.16840277777
1940 	9 	28 	249.859375
1940 	12 	7 	315.41493055556
1941 	10 	29 	208.20659722222
1941 	11 	9 	218.05555555555
1941 	12 	13 	219.13194444444
1942 	2 	13 	222.14236111112
1942 	10 	18 	233.54513888889
1943 	1 	4 	205.44965277777
1943 	8 	14 	221.72222222222
1943 	11 	28 	205.90798611111
1944 	1 	9 	268.01215277777
1944 	2 	10 	239.38715277778
1944 	5 	4 	283.47222222222
1944 	11 	12 	292.203125
1944 	12 	9 	286.01909722223
1945 	1 	4 	214.28472222222
1945 	3 	2 	229.32118055556
1945 	11 	9 	357.00347222222
1945 	12 	23 	215.00520833334
1946 	1 	13 	330.74131944444
1946 	2 	8 	227.9375
1946 	2 	24 	220.22569444445
1946 	11 	13 	207.63888888889
1947 	11 	30 	225.17013888889
1949 	2 	27 	228.80034722222
1950 	1 	16 	234.36284722222
1951 	12 	9 	283.19097222222
1952 	1 	18 	286.45312500001
1952 	9 	6 	227
1952 	10 	14 	244.27777777777
1952 	12 	14 	209.34375
1953 	2 	1 	213.65451388889
1953 	2 	4 	393.22048611111
1954 	1 	3 	398.53645833333
1954 	1 	21 	416.36979166667
1954 	11 	15 	261.77777777778
1954 	12 	24 	234.32118055555
1954 	12 	28 	279.72222222222
1956 	1 	21 	301.70138888889
1956 	3 	9 	209.38888888889
1956 	10 	26 	216.22569444444
1956 	12 	22 	220.97569444444
1957 	1 	12 	216.31770833333
1957 	11 	28 	238.24305555556
1957 	12 	8 	272.78645833333
1957 	12 	31 	238.45833333333
1958 	1 	6 	205.21875
1958 	7 	18 	206.30555555556
1959 	4 	11 	410.56423611111
1960 	1 	11 	254.14409722222
1960 	10 	18 	206.55208333333
1960 	12 	8 	378.62673611111
1961 	3 	30 	262.90451388889
1961 	11 	4 	263.60243055556
1961 	12 	4 	207.80208333333
1961 	12 	7 	276.91666666667
1961 	12 	10 	247.10590277778
1962 	1 	23 	289.00694444445
1962 	2 	12 	247.33854166666
1962 	2 	16 	338.71875
1962 	2 	20 	267.98611111111
1962 	12 	12 	262.5
1962 	12 	16 	283.265625
1963 	1 	14 	280.23263888889
1963 	10 	14 	235.140625
1963 	11 	22 	267.59548611111
1963 	11 	26 	226.76736111111
1964 	2 	11 	265.015625
1965 	2 	15 	246.12673611111
1965 	11 	4 	329.31770833333
1965 	12 	6 	233.66493055555
1965 	12 	11 	279.29166666667
1966 	1 	2 	307.0625
1966 	3 	28 	220.54166666667
1967 	10 	17 	349.79861111111
1967 	12 	7 	229.97048611112
1968 	2 	3 	209.26215277778
1968 	11 	1 	285.42013888889
1969 	3 	9 	242.43402777778
1969 	4 	20 	243.84548611111
1969 	8 	27 	251.69270833333
1969 	10 	2 	246.890625
1970 	11 	9 	245.61805555555
1971 	2 	26 	242.10069444445
1971 	7 	17 	216.01041666667
1971 	11 	6 	228.74826388889
1971 	12 	28 	296.05034722222
1974 	11 	1 	236.19444444445
1975 	10 	8 	234.1875
1976 	10 	13 	360.828125
1976 	12 	1 	225.51909722222
1976 	12 	4 	231.421875
1977 	9 	16 	245.08159722222
1977 	11 	15 	288.49652777777
1977 	11 	25 	222.92361111111
1978 	9 	1 	208.77430555556
1978 	11 	20 	207.22569444445
1979 	10 	21 	217.23263888889
1979 	12 	7 	220.81076388889
1980 	4 	19 	220.28993055556
1980 	11 	19 	210.51041666666
1980 	12 	15 	217.43402777778
1981 	11 	24 	273.41666666667
1983 	1 	18 	310.90277777778
1983 	2 	1 	403.15104166667
1983 	2 	6 	246.59201388889
1983 	12 	9 	238.69965277778
1984 	1 	4 	210.58506944444
1984 	1 	8 	264.31944444444
1984 	1 	18 	295.33506944444
1985 	9 	6 	211.16493055555
1985 	11 	12 	330.78645833333
1986 	1 	27 	230.37152777778
1986 	12 	29 	220.27256944445
1988 	1 	7 	269.30902777778
1988 	11 	1 	238.265625
1988 	11 	29 	281.4375
1989 	3 	25 	227.52430555556
1990 	1 	26 	356.38020833333
1991 	1 	11 	211.20833333333
1991 	2 	26 	221.31076388889
1991 	11 	18 	209.46527777778
1993 	1 	24 	384.21006944444
1993 	1 	28 	235.578125
1993 	3 	26 	237.17708333333
1993 	10 	21 	217.34027777778
1993 	12 	26 	247.74479166667
1994 	1 	28 	247.50347222223
1994 	1 	31 	325.72395833334
1995 	1 	2 	272.64409722222
1995 	3 	27 	211.04513888889
1995 	9 	30 	265.14756944444
1995 	11 	17 	286.93576388889
1996 	11 	9 	209.03645833334
1998 	3 	6 	230.07986111111
1998 	8 	28 	231.546875
1998 	11 	1 	248.86631944445
1999 	4 	18 	214.11284722223
1999 	10 	15 	214.796875
1999 	12 	4 	335.86631944445
1999 	12 	7 	239.84375
1999 	12 	12 	305.77604166667
2001 	2 	22 	226.35763888889
2001 	9 	13 	223.72395833333
2001 	11 	8 	227.35416666667
2001 	12 	21 	232.13888888889
2001 	12 	28 	252.54340277778
2002 	11 	1 	256.66840277778
2003 	1 	20 	212.96180555555
2003 	8 	27 	208.89583333333
2003 	10 	13 	236.83767361111
2003 	11 	23 	208.31145833333
2003 	12 	21 	309.87083333333
2003 	12 	29 	242.38663194444
2004 	1 	19 	223.38576388889
2004 	11 	18 	284.82447916667
2004 	11 	23 	245.59982638889
2005 	1 	13 	211.88923611111
2005 	2 	13 	242.52256944444
2005 	12 	26 	278.12291666667
2005 	12 	29 	219.53038194445
2007 	1 	21 	320.7640625
2007 	2 	5 	213.00225694445
2007 	3 	19 	326.9734375
2007 	11 	13 	302.73506944445
2007 	12 	8 	251.12552083333
