# ./bin/plotdat anomal ./data/iersst_nino4a.dat
# cutting out region defined by mask ersstv4_nino4_mask.nc
# sst [degree_C] from NOAA Extended Reconstructed Sea Surface Temperature (ERSSTA), Version 4 (in situ only)
# SSTA normalized to 1981-2010
# plotdat anomal 1981 2010 ersst_nino4.dat
# cutting out region defined by mask ersstv4_nino4_mask.nc
# sst [degree_C] from NOAA Extended Reconstructed Sea Surface Temperature (ERSST), Version 4 (in situ only)
 1854.0000 -0.229942    
 1854.0834  0.727282E-01
 1854.1666  0.207219    
 1854.2500  0.136809    
 1854.3334 -0.853436E-01
 1854.4166 -0.526219    
 1854.5000 -0.481450    
 1854.5834 -0.158905    
 1854.6666 -0.317589E-01
 1854.7500  0.514134    
 1854.8334  0.133449    
 1854.9166  0.545275    
 1855.0000  0.869179    
 1855.0834  0.518038    
 1855.1666  0.419270    
 1855.2500  0.206128    
 1855.3334  0.108637    
 1855.4166 -0.144589    
 1855.5000 -0.821881    
 1855.5834 -0.310955    
 1855.6666   1.31967    
 1855.7500   1.41362    
 1855.8334  0.856639    
 1855.9166  0.737184    
 1856.0000  0.792658    
 1856.0834  0.443888    
 1856.1666  0.479279    
 1856.2500  0.104839E-02
 1856.3334 -0.307326E-01
 1856.4166 -0.919935E-02
 1856.5000 -0.111041    
 1856.5834  0.976640E-01
 1856.6666  0.479531    
 1856.7500 -0.282288    
 1856.8334 -0.216740    
 1856.9166 -0.581844    
 1857.0000 -0.212051    
 1857.0834  0.104687    
 1857.1666 -0.382801E-01
 1857.2500 -0.865996E-01
 1857.3334  0.321106    
 1857.4166  0.467071    
 1857.5000  0.225459    
 1857.5834  0.150364    
 1857.6666  0.230111E-01
 1857.7500  0.678522E-01
 1857.8334  0.212305E-01
 1857.9166 -0.822260E-01
 1858.0000 -0.119041    
 1858.0834 -0.183252    
 1858.1666 -0.403270    
 1858.2500 -0.485716E-01
 1858.3334  0.992964E-01
 1858.4166 -0.172980    
 1858.5000 -0.258571    
 1858.5834 -0.373146    
 1858.6666 -0.450729    
 1858.7500 -0.187068E-01
 1858.8334 -0.388110    
 1858.9166 -0.372324    
 1859.0000 -0.326752    
 1859.0834 -0.299673    
 1859.1666  0.573089E-01
 1859.2500  0.130194E-01
 1859.3334  0.715464E-01
 1859.4166 -0.139604E-01
 1859.5000  0.778186E-01
 1859.5834  0.271150E-01
 1859.6666  0.255701E-01
 1859.7500  0.154322E-02
 1859.8334 -0.387596E-01
 1859.9166 -0.323505    
 1860.0000 -0.380333    
 1860.0834 -0.160133    
 1860.1666  0.283989E-01
 1860.2500 -0.253282    
 1860.3334 -0.358793    
 1860.4166 -0.205050    
 1860.5000 -0.128042    
 1860.5834 -0.139866    
 1860.6666 -0.189079    
 1860.7500 -0.231867    
 1860.8334 -0.236411    
 1860.9166 -0.206305    
 1861.0000 -0.133802    
 1861.0834 -0.101173    
 1861.1666 -0.116590    
 1861.2500 -0.100381    
 1861.3334 -0.151484    
 1861.4166 -0.129959    
 1861.5000 -0.100231    
 1861.5834 -0.108486    
 1861.6666 -0.875299E-01
 1861.7500 -0.872078E-01
 1861.8334 -0.103160    
 1861.9166 -0.903150E-01
 1862.0000 -0.738534E-01
 1862.0834 -0.701281E-02
 1862.1666 -0.818011E-02
 1862.2500 -0.957306E-01
 1862.3334 -0.141995    
 1862.4166 -0.782093E-01
 1862.5000 -0.450414E-01
 1862.5834 -0.553360E-01
 1862.6666 -0.119789    
 1862.7500 -0.139387    
 1862.8334 -0.104600    
 1862.9166 -0.116835    
 1863.0000 -0.554924E-01
 1863.0834  0.238272E-01
 1863.1666 -0.125001E-01
 1863.2500 -0.107652    
 1863.3334 -0.133623    
 1863.4166 -0.113240    
 1863.5000 -0.791504E-01
 1863.5834 -0.720840E-01
 1863.6666 -0.692689E-01
 1863.7500 -0.616668E-01
 1863.8334 -0.938095E-01
 1863.9166 -0.805550E-01
 1864.0000 -0.982914E-01
 1864.0834 -0.530118E-01
 1864.1666 -0.651301E-01
 1864.2500 -0.728096E-01
 1864.3334 -0.216636E-01
 1864.4166  0.314321    
 1864.5000  0.363009    
 1864.5834  0.843050E-01
 1864.6666  0.438901E-01
 1864.7500  0.848922E-01
 1864.8334  0.747694E-01
 1864.9166  0.124945    
 1865.0000 -0.577324E-01
 1865.0834 -0.103183    
 1865.1666 -0.344711E-01
 1865.2500 -0.119431    
 1865.3334 -0.177014    
 1865.4166 -0.159539    
 1865.5000 -0.837304E-01
 1865.5834 -0.759850E-01
 1865.6666 -0.970089E-01
 1865.7500 -0.119967    
 1865.8334 -0.110381    
 1865.9166 -0.168285    
 1866.0000 -0.157633    
 1866.0834 -0.496728E-01
 1866.1666  0.134699E-01
 1866.2500  0.407594E-01
 1866.3334 -0.168373    
 1866.4166 -0.152739    
 1866.5000 -0.135930    
 1866.5834 -0.134506    
 1866.6666 -0.171890    
 1866.7500 -0.148127    
 1866.8334 -0.151700    
 1866.9166 -0.194084    
 1867.0000 -0.164232    
 1867.0834 -0.106313    
 1867.1666 -0.118360    
 1867.2500 -0.201310    
 1867.3334 -0.177855    
 1867.4166 -0.192070    
 1867.5000 -0.159410    
 1867.5834 -0.157434    
 1867.6666 -0.180809    
 1867.7500 -0.207367    
 1867.8334 -0.194190    
 1867.9166 -0.225695    
 1868.0000 -0.184063    
 1868.0834 -0.973928E-01
 1868.1666 -0.902401E-01
 1868.2500 -0.186221    
 1868.3334 -0.210074    
 1868.4166 -0.211809    
 1868.5000 -0.108362    
 1868.5834 -0.293840E-01
 1868.6666  0.666411E-01
 1868.7500 -0.431978E-01
 1868.8334  0.131830    
 1868.9166  0.443106    
 1869.0000  0.179598    
 1869.0834  0.763082E-01
 1869.1666 -0.206350    
 1869.2500 -0.111522    
 1869.3334 -0.131775    
 1869.4166 -0.872504E-01
 1869.5000 -0.144262    
 1869.5834 -0.377840E-01
 1869.6666 -0.308699E-01
 1869.7500  0.256052    
 1869.8334  0.106859    
 1869.9166  0.762600E-02
 1870.0000 -0.541524E-01
 1870.0834 -0.609682    
 1870.1666  -1.02230    
 1870.2500  -1.20755    
 1870.3334  -1.05218    
 1870.4166 -0.869003    
 1870.5000 -0.713271    
 1870.5834 -0.657886    
 1870.6666 -0.636298    
 1870.7500 -0.661979    
 1870.8334 -0.501990    
 1870.9166 -0.457966    
 1871.0000 -0.353462    
 1871.0834 -0.284982    
 1871.1666 -0.494211    
 1871.2500 -0.715647    
 1871.3334 -0.695980    
 1871.4166 -0.442320    
 1871.5000 -0.287271    
 1871.5834 -0.410696    
 1871.6666 -0.290929    
 1871.7500 -0.195316    
 1871.8334 -0.302481    
 1871.9166 -0.260635    
 1872.0000 -0.697734E-01
 1872.0834 -0.906283E-02
 1872.1666  0.398599E-01
 1872.2500 -0.238151    
 1872.3334 -0.427685    
 1872.4166 -0.524380    
 1872.5000 -0.452211    
 1872.5834 -0.458706    
 1872.6666 -0.479040    
 1872.7500 -0.618789    
 1872.8334 -0.852557    
 1872.9166 -0.912323    
 1873.0000  -1.00100    
 1873.0834 -0.990250    
 1873.1666  -1.23344    
 1873.2500  -1.07376    
 1873.3334 -0.813230    
 1873.4166 -0.584759    
 1873.5000 -0.332151    
 1873.5834 -0.438116    
 1873.6666 -0.357419    
 1873.7500 -0.920278E-01
 1873.8334 -0.578696E-01
 1873.9166 -0.107624    
 1874.0000 -0.442034E-01
 1874.0834 -0.202022    
 1874.1666 -0.968365    
 1874.2500 -0.815517    
 1874.3334 -0.880680    
 1874.4166 -0.510620    
 1874.5000 -0.355811    
 1874.5834 -0.337955    
 1874.6666 -0.528579    
 1874.7500 -0.103607    
 1874.8334 -0.391900    
 1874.9166 -0.480665    
 1875.0000 -0.465471    
 1875.0834 -0.213422    
 1875.1666 -0.449171    
 1875.2500 -0.333442    
 1875.3334 -0.214245    
 1875.4166 -0.172419    
 1875.5000 -0.624541    
 1875.5834 -0.673186    
 1875.6666  -1.20657    
 1875.7500 -0.397898    
 1875.8334 -0.570111    
 1875.9166 -0.438114    
 1876.0000 -0.912769    
 1876.0834 -0.828400    
 1876.1666 -0.632371    
 1876.2500 -0.252721    
 1876.3334 -0.490944    
 1876.4166 -0.563160    
 1876.5000 -0.520631    
 1876.5834 -0.336765    
 1876.6666 -0.354629    
 1876.7500 -0.457787    
 1876.8334 -0.185681    
 1876.9166 -0.235464    
 1877.0000 -0.723089    
 1877.0834 -0.511943    
 1877.1666 -0.675675    
 1877.2500 -0.571570    
 1877.3334 -0.526514    
 1877.4166 -0.146910    
 1877.5000  0.300719    
 1877.5834   1.14972    
 1877.6666   1.11501    
 1877.7500   1.06425    
 1877.8334   1.01061    
 1877.9166  0.990215    
 1878.0000   1.11415    
 1878.0834  0.620907    
 1878.1666  0.550990    
 1878.2500  0.909638    
 1878.3334  0.643236    
 1878.4166  0.200151    
 1878.5000 -0.106420    
 1878.5834 -0.347385    
 1878.6666 -0.289360    
 1878.7500 -0.618669    
 1878.8334 -0.669937    
 1878.9166  -1.04258    
 1879.0000  -1.04217    
 1879.0834  -1.25005    
 1879.1666  -1.75332    
 1879.2500  -1.50428    
 1879.3334 -0.608195    
 1879.4166 -0.475159    
 1879.5000 -0.415321    
 1879.5834  -1.15581    
 1879.6666  -1.87165    
 1879.7500  -1.22444    
 1879.8334 -0.737496    
 1879.9166 -0.660823    
 1880.0000 -0.338802    
 1880.0834  0.110207    
 1880.1666 -0.643401E-01
 1880.2500 -0.269391    
 1880.3334 -0.267254    
 1880.4166 -0.314059    
 1880.5000 -0.278480    
 1880.5834 -0.110145    
 1880.6666  0.168332    
 1880.7500  0.982143    
 1880.8334   1.76414    
 1880.9166   1.03304    
 1881.0000   1.61408    
 1881.0834  0.701167    
 1881.1666  0.357560    
 1881.2500  0.257230    
 1881.3334  0.282387    
 1881.4166 -0.494036E-02
 1881.5000  0.184748    
 1881.5834  0.288824    
 1881.6666  0.183501    
 1881.7500  0.235594    
 1881.8334 -0.133806E-01
 1881.9166  0.273596    
 1882.0000  0.437337    
 1882.0834 -0.232828E-01
 1882.1666  0.436139    
 1882.2500  0.199538    
 1882.3334  0.521255    
 1882.4166  0.615096E-01
 1882.5000  0.188630    
 1882.5834  0.136034    
 1882.6666 -0.178218    
 1882.7500  0.837323E-02
 1882.8334  0.113105E-01
 1882.9166   1.25784    
 1883.0000  0.104948    
 1883.0834 -0.620473    
 1883.1666 -0.875525    
 1883.2500 -0.494031    
 1883.3334 -0.499834    
 1883.4166 -0.135559    
 1883.5000 -0.253890    
 1883.5834 -0.392715    
 1883.6666 -0.133449    
 1883.7500  0.453222E-01
 1883.8334 -0.620716E-01
 1883.9166  0.439240E-01
 1884.0000  0.298448    
 1884.0834  0.119648    
 1884.1666 -0.827901E-01
 1884.2500 -0.485196E-01
 1884.3334  0.214207    
 1884.4166  0.481806E-01
 1884.5000  0.197850    
 1884.5834 -0.249716    
 1884.6666  0.217900    
 1884.7500  0.217644    
 1884.8334 -0.532995E-01
 1884.9166 -0.344540E-01
 1885.0000  0.131647    
 1885.0834  0.186198    
 1885.1666  0.358710    
 1885.2500  0.169789    
 1885.3334 -0.314593E-03
 1885.4166 -0.532610    
 1885.5000  0.166869    
 1885.5834  0.230765    
 1885.6666  0.471511    
 1885.7500  0.571432    
 1885.8334  0.542819    
 1885.9166  0.550495    
 1886.0000  0.263248    
 1886.0834  0.222287    
 1886.1666  0.214470    
 1886.2500  0.249519    
 1886.3334 -0.609314    
 1886.4166 -0.882063    
 1886.5000 -0.635511    
 1886.5834 -0.626996    
 1886.6666 -0.570538    
 1886.7500 -0.932479    
 1886.8334  -1.16850    
 1886.9166  -1.61078    
 1887.0000  -1.64663    
 1887.0834  -1.36093    
 1887.1666  -1.28890    
 1887.2500  -1.26820    
 1887.3334  -1.12157    
 1887.4166 -0.876013    
 1887.5000 -0.640021    
 1887.5834 -0.408205    
 1887.6666 -0.333950    
 1887.7500 -0.526278E-01
 1887.8334  0.412769    
 1887.9166  0.439344    
 1888.0000  0.608479    
 1888.0834  0.946478    
 1888.1666  0.730980    
 1888.2500  0.525668    
 1888.3334  0.401907    
 1888.4166  0.426191    
 1888.5000  0.556729    
 1888.5834  0.784714    
 1888.6666   1.19773    
 1888.7500   1.05867    
 1888.8334  0.965450    
 1888.9166   1.00209    
 1889.0000   1.12991    
 1889.0834   1.14848    
 1889.1666  0.766480    
 1889.2500  0.559360    
 1889.3334  0.359865    
 1889.4166  0.350360    
 1889.5000 -0.480932    
 1889.5834 -0.585446    
 1889.6666 -0.418640    
 1889.7500 -0.533117    
 1889.8334  -1.06378    
 1889.9166 -0.901933    
 1890.0000 -0.817400    
 1890.0834 -0.637952    
 1890.1666 -0.653565    
 1890.2500 -0.419400    
 1890.3334 -0.386925    
 1890.4166 -0.179504E-01
 1890.5000 -0.540490    
 1890.5834 -0.740366    
 1890.6666 -0.454900    
 1890.7500 -0.446797    
 1890.8334 -0.617257    
 1890.9166 -0.667443    
 1891.0000 -0.397532    
 1891.0834 -0.253183    
 1891.1666 -0.189511E-01
 1891.2500  0.391920    
 1891.3334  0.721264E-01
 1891.4166  0.759996E-01
 1891.5000 -0.172441    
 1891.5834 -0.556660E-01
 1891.6666 -0.115699    
 1891.7500 -0.591368E-01
 1891.8334 -0.128731    
 1891.9166 -0.878403    
 1892.0000 -0.906879    
 1892.0834 -0.286872    
 1892.1666  0.587859    
 1892.2500 -0.314181    
 1892.3334 -0.461933    
 1892.4166 -0.356680    
 1892.5000 -0.417711    
 1892.5834 -0.636816    
 1892.6666  -1.14409    
 1892.7500  -1.56570    
 1892.8334  -1.46848    
 1892.9166  -1.04385    
 1893.0000 -0.570902    
 1893.0834  -1.10612    
 1893.1666  -1.04943    
 1893.2500 -0.690047    
 1893.3334 -0.601895    
 1893.4166 -0.738763    
 1893.5000 -0.643801    
 1893.5834 -0.787606    
 1893.6666 -0.678888    
 1893.7500 -0.720389    
 1893.8334 -0.569850    
 1893.9166 -0.661093    
 1894.0000 -0.680329    
 1894.0834 -0.620943    
 1894.1666 -0.406520    
 1894.2500 -0.608121    
 1894.3334 -0.880420    
 1894.4166 -0.910273    
 1894.5000 -0.908611    
 1894.5834 -0.183546    
 1894.6666  0.403701    
 1894.7500  0.108673    
 1894.8334 -0.161955E-02
 1894.9166 -0.531540E-01
 1895.0000  0.166628    
 1895.0834  0.414927    
 1895.1666  0.769299E-01
 1895.2500 -0.129371    
 1895.3334 -0.338915    
 1895.4166 -0.496790    
 1895.5000  -1.28004    
 1895.5834  -1.01071    
 1895.6666  0.292700    
 1895.7500 -0.203167    
 1895.8334 -0.805327    
 1895.9166 -0.451704    
 1896.0000 -0.292412    
 1896.0834  0.471882E-01
 1896.1666  0.265269    
 1896.2500  0.750194E-01
 1896.3334 -0.103264    
 1896.4166 -0.349480    
 1896.5000 -0.679361    
 1896.5834 -0.654216    
 1896.6666  0.102160    
 1896.7500  0.155073    
 1896.8334  0.464041    
 1896.9166  0.758415    
 1897.0000  0.940248    
 1897.0834  0.102717    
 1897.1666 -0.951611E-01
 1897.2500  0.144494E-01
 1897.3334 -0.199636E-01
 1897.4166  0.100321    
 1897.5000  0.219489    
 1897.5834  0.121784    
 1897.6666 -0.570199E-01
 1897.7500 -0.196407    
 1897.8334 -0.780757    
 1897.9166 -0.322035    
 1898.0000 -0.323952    
 1898.0834 -0.642982    
 1898.1666 -0.697075    
 1898.2500 -0.623172    
 1898.3334 -0.530934    
 1898.4166 -0.448220    
 1898.5000 -0.501771    
 1898.5834 -0.449505    
 1898.6666 -0.478799    
 1898.7500 -0.627619    
 1898.8334 -0.735807    
 1898.9166 -0.822633    
 1899.0000 -0.843849    
 1899.0834 -0.735570    
 1899.1666 -0.473121    
 1899.2500 -0.184911    
 1899.3334 -0.325826E-01
 1899.4166 -0.792393E-01
 1899.5000  0.152390    
 1899.5834  0.239535    
 1899.6666  0.348761    
 1899.7500  0.485514    
 1899.8334  0.998019    
 1899.9166  0.725626    
 1900.0000  0.378217    
 1900.0834 -0.324628E-01
 1900.1666  0.658389    
 1900.2500  0.737269    
 1900.3334  0.504886    
 1900.4166 -0.241593E-01
 1900.5000  0.321000    
 1900.5834  0.321985    
 1900.6666  0.540621    
 1900.7500  0.331053    
 1900.8334  0.283990    
 1900.9166  0.799906    
 1901.0000  0.721277    
 1901.0834  0.297988    
 1901.1666  0.453638    
 1901.2500  0.215919    
 1901.3334  0.282464E-01
 1901.4166 -0.956194E-01
 1901.5000 -0.206371    
 1901.5834  0.202845    
 1901.6666 -0.808289E-01
 1901.7500 -0.961567E-01
 1901.8334  0.662304E-01
 1901.9166 -0.123486    
 1902.0000 -0.298471    
 1902.0834 -0.181783    
 1902.1666 -0.125901E-01
 1902.2500  0.408279    
 1902.3334  0.363396    
 1902.4166  0.465660    
 1902.5000  0.392458    
 1902.5834  0.586285    
 1902.6666  0.833312    
 1902.7500   1.28870    
 1902.8334  0.984350    
 1902.9166  0.933025    
 1903.0000  0.891977    
 1903.0834  0.809287    
 1903.1666  0.912640    
 1903.2500  0.649348    
 1903.3334  0.462456    
 1903.4166  0.289991    
 1903.5000 -0.291292    
 1903.5834 -0.671746    
 1903.6666 -0.667268    
 1903.7500 -0.338917    
 1903.8334 -0.576350    
 1903.9166 -0.830273    
 1904.0000  -1.01301    
 1904.0834 -0.882590    
 1904.1666 -0.831795    
 1904.2500 -0.540311    
 1904.3334 -0.579775    
 1904.4166 -0.470600    
 1904.5000 -0.362510    
 1904.5834 -0.265816    
 1904.6666  0.788711E-01
 1904.7500  0.382414    
 1904.8334  0.528529    
 1904.9166  0.550705    
 1905.0000  0.714048    
 1905.0834  0.687117    
 1905.1666  0.401810    
 1905.2500  0.305349    
 1905.3334  0.379866    
 1905.4166  0.450900    
 1905.5000  0.576779    
 1905.5834  0.655325    
 1905.6666  0.700541    
 1905.7500  0.753433    
 1905.8334  0.652770    
 1905.9166  0.786486    
 1906.0000  0.401128    
 1906.0834  0.223048    
 1906.1666  0.121779    
 1906.2500 -0.274852    
 1906.3334 -0.208134    
 1906.4166 -0.833004E-01
 1906.5000 -0.222631    
 1906.5834 -0.349005    
 1906.6666 -0.518239    
 1906.7500 -0.335707    
 1906.8334 -0.380410    
 1906.9166 -0.453775    
 1907.0000 -0.316422    
 1907.0834 -0.673400    
 1907.1666 -0.388000    
 1907.2500 -0.342841    
 1907.3334 -0.394154    
 1907.4166 -0.162979    
 1907.5000 -0.524214E-01
 1907.5834  0.336106    
 1907.6666  0.168421    
 1907.7500  0.200273    
 1907.8334  0.203370    
 1907.9166  0.141766    
 1908.0000  0.518229    
 1908.0834 -0.211153    
 1908.1666 -0.162580    
 1908.2500 -0.380952    
 1908.3334 -0.539425    
 1908.4166 -0.578860    
 1908.5000 -0.500190    
 1908.5834 -0.569066    
 1908.6666 -0.834338    
 1908.7500 -0.970439    
 1908.8334  -1.02106    
 1908.9166  -1.00376    
 1909.0000 -0.876949    
 1909.0834 -0.678180    
 1909.1666 -0.253950    
 1909.2500 -0.237691    
 1909.3334 -0.806940    
 1909.4166 -0.773783    
 1909.5000 -0.727331    
 1909.5834 -0.680416    
 1909.6666 -0.858048    
 1909.7500 -0.862359    
 1909.8334  -1.12346    
 1909.9166  -1.09431    
 1910.0000  -1.35851    
 1910.0834  -1.44840    
 1910.1666  -1.62701    
 1910.2500 -0.441531    
 1910.3334 -0.394734    
 1910.4166 -0.501990    
 1910.5000  -1.09231    
 1910.5834  -1.28739    
 1910.6666  -2.49512    
 1910.7500  -1.32340    
 1910.8334  -1.24276    
 1910.9166  -1.13463    
 1911.0000 -0.811080    
 1911.0834 -0.695810    
 1911.1666 -0.739975    
 1911.2500 -0.487592    
 1911.3334 -0.348715    
 1911.4166 -0.558369    
 1911.5000 -0.413911    
 1911.5834 -0.907596    
 1911.6666 -0.404840    
 1911.7500 -0.509367    
 1911.8334 -0.409781    
 1911.9166  0.203505    
 1912.0000  0.139109    
 1912.0834  0.804472E-01
 1912.1666  0.304589E-01
 1912.2500  0.144500    
 1912.3334  0.198147    
 1912.4166  0.677597E-01
 1912.5000  0.241686E-01
 1912.5834  0.748660E-01
 1912.6666 -0.269969    
 1912.7500 -0.262657    
 1912.8334  0.100410    
 1912.9166  0.537360E-01
 1913.0000 -0.844614E-01
 1913.0834 -0.385583    
 1913.1666 -0.498870    
 1913.2500 -0.406981    
 1913.3334 -0.557284    
 1913.4166 -0.517039    
 1913.5000 -0.267511    
 1913.5834 -0.497760E-01
 1913.6666  0.751101E-01
 1913.7500  0.290604    
 1913.8334  0.730109    
 1913.9166  0.801575    
 1914.0000  0.583328    
 1914.0834  0.321417    
 1914.1666  0.579899    
 1914.2500  0.624509    
 1914.3334  0.749786    
 1914.4166  0.223751    
 1914.5000  0.192118    
 1914.5834  0.448506    
 1914.6666  0.607310    
 1914.7500  0.459683    
 1914.8334  0.330391    
 1914.9166  0.473116    
 1915.0000  0.810698    
 1915.0834  0.935107    
 1915.1666  0.787379    
 1915.2500   1.24689    
 1915.3334   2.02551    
 1915.4166  0.917996E-01
 1915.5000  0.941396E-01
 1915.5834 -0.123014    
 1915.6666 -0.254749    
 1915.7500 -0.986469    
 1915.8334 -0.997907    
 1915.9166  -1.01537    
 1916.0000  -1.06133    
 1916.0834  -1.09102    
 1916.1666 -0.647815    
 1916.2500 -0.504481    
 1916.3334 -0.676136E-01
 1916.4166 -0.205490    
 1916.5000 -0.151721    
 1916.5834 -0.337265    
 1916.6666 -0.732018    
 1916.7500  -1.53917    
 1916.8334  -2.03645    
 1916.9166  -2.03865    
 1917.0000  -1.94735    
 1917.0834  -1.91467    
 1917.1666  -1.53369    
 1917.2500  -1.82650    
 1917.3334  -1.68379    
 1917.4166  -1.54305    
 1917.5000  -2.03087    
 1917.5834  -1.49962    
 1917.6666 -0.959058    
 1917.7500  -1.06852    
 1917.8334  -1.19808    
 1917.9166  -1.17148    
 1918.0000 -0.810640    
 1918.0834  0.329018    
 1918.1666  0.273390    
 1918.2500  0.144284E-01
 1918.3334 -0.465883    
 1918.4166 -0.374260    
 1918.5000  0.200719    
 1918.5834  0.161894    
 1918.6666  0.345120    
 1918.7500  0.171404    
 1918.8334 -0.543231    
 1918.9166  0.413164    
 1919.0000  0.852447    
 1919.0834  0.347947    
 1919.1666 -0.823645    
 1919.2500  -2.01950    
 1919.3334 -0.693926E-01
 1919.4166  0.747581    
 1919.5000  0.760470    
 1919.5834  0.263714    
 1919.6666  0.274430    
 1919.7500  0.260763    
 1919.8334  0.356199    
 1919.9166 -0.559350E-01
 1920.0000 -0.353542    
 1920.0834 -0.698118E-01
 1920.1666 -0.990501E-01
 1920.2500  0.716794E-01
 1920.3334  0.699464E-01
 1920.4166  0.283401    
 1920.5000  0.331370    
 1920.5834  0.400826    
 1920.6666  0.364840    
 1920.7500  0.225992    
 1920.8334 -0.443096E-01
 1920.9166 -0.394726    
 1921.0000 -0.459002    
 1921.0834 -0.989750    
 1921.1666  -1.00613    
 1921.2500 -0.737017    
 1921.3334 -0.461924    
 1921.4166 -0.621100    
 1921.5000 -0.439021    
 1921.5834 -0.796660E-01
 1921.6666 -0.116289E-01
 1921.7500  0.100853    
 1921.8334 -0.694506E-01
 1921.9166  0.946940E-01
 1922.0000 -0.128681    
 1922.0834 -0.453518E-01
 1922.1666  0.699299E-01
 1922.2500 -0.105321    
 1922.3334  0.107796    
 1922.4166 -0.463219    
 1922.5000 -0.424850    
 1922.5834 -0.553365    
 1922.6666 -0.675288    
 1922.7500 -0.558827    
 1922.8334 -0.594441    
 1922.9166 -0.420654    
 1923.0000 -0.554592    
 1923.0834 -0.649843    
 1923.1666 -0.238500    
 1923.2500 -0.365159E-02
 1923.3334 -0.858226E-01
 1923.4166  0.236107E-01
 1923.5000 -0.325104E-01
 1923.5834  0.177925    
 1923.6666  0.235991    
 1923.7500  0.300253    
 1923.8334  0.399521    
 1923.9166  0.627655    
 1924.0000  0.705439    
 1924.0834  0.372538    
 1924.1666  0.267630    
 1924.2500  0.193849    
 1924.3334 -0.137705    
 1924.4166 -0.236870    
 1924.5000 -0.269512    
 1924.5834 -0.360475    
 1924.6666 -0.955548    
 1924.7500 -0.976469    
 1924.8334  -1.10917    
 1924.9166 -0.945073    
 1925.0000 -0.854949    
 1925.0834 -0.739540    
 1925.1666 -0.779095    
 1925.2500 -0.712997    
 1925.3334 -0.312235    
 1925.4166 -0.175503E-01
 1925.5000  0.789396E-01
 1925.5834  0.263766    
 1925.6666  0.641411    
 1925.7500  0.606012    
 1925.8334  0.719240    
 1925.9166  0.774645    
 1926.0000  0.754229    
 1926.0834  0.590657    
 1926.1666  0.528290    
 1926.2500  0.423860    
 1926.3334  0.431795    
 1926.4166  0.302101    
 1926.5000  0.223290    
 1926.5834  0.367605    
 1926.6666 -0.227529    
 1926.7500 -0.569616    
 1926.8334 -0.617167    
 1926.9166 -0.609646    
 1927.0000  -1.09992    
 1927.0834 -0.956750    
 1927.1666 -0.916035    
 1927.2500 -0.827747    
 1927.3334 -0.567824    
 1927.4166 -0.499890    
 1927.5000 -0.174800    
 1927.5834 -0.122936    
 1927.6666 -0.180839    
 1927.7500 -0.167038    
 1927.8334  0.784704E-01
 1927.9166  0.465904    
 1928.0000  0.363697    
 1928.0834  0.714882E-01
 1928.1666 -0.716201E-01
 1928.2500  0.159888    
 1928.3334  0.557954E-01
 1928.4166  0.221606E-01
 1928.5000  0.123940    
 1928.5834 -0.692960E-01
 1928.6666 -0.220800    
 1928.7500 -0.261387    
 1928.8334 -0.906396E-01
 1928.9166 -0.208984    
 1929.0000 -0.232523    
 1929.0834 -0.274503    
 1929.1666 -0.297601    
 1929.2500 -0.231240    
 1929.3334 -0.249165    
 1929.4166 -0.155880    
 1929.5000 -0.839614E-01
 1929.5834  0.734499E-02
 1929.6666  0.630101E-01
 1929.7500  0.175783    
 1929.8334  0.301304E-01
 1929.9166  0.216425    
 1930.0000  0.225918    
 1930.0834  0.348107    
 1930.1666  0.484379    
 1930.2500  0.277469    
 1930.3334  0.561754E-01
 1930.4166  0.493307E-01
 1930.5000  0.214900    
 1930.5834  0.242964    
 1930.6666  0.263020    
 1930.7500  0.705013    
 1930.8334  0.627599    
 1930.9166  0.483404    
 1931.0000  0.523869    
 1931.0834  0.422057    
 1931.1666  0.225400    
 1931.2500  0.224118    
 1931.3334  0.105886    
 1931.4166  0.729896E-01
 1931.5000  0.226649    
 1931.5834  0.141134    
 1931.6666 -0.117639    
 1931.7500 -0.323727    
 1931.8334 -0.275882    
 1931.9166 -0.482744    
 1932.0000 -0.395882    
 1932.0834 -0.953518E-01
 1932.1666  0.186139    
 1932.2500  0.462294E-01
 1932.3334  0.843874E-01
 1932.4166  0.809296E-01
 1932.5000  0.295609    
 1932.5834  0.141344    
 1932.6666 -0.432788    
 1932.7500 -0.646499    
 1932.8334 -0.726127    
 1932.9166 -0.595844    
 1933.0000 -0.369242    
 1933.0834 -0.335832    
 1933.1666 -0.389631    
 1933.2500 -0.504352    
 1933.3334 -0.428614    
 1933.4166 -0.545090    
 1933.5000 -0.820351    
 1933.5834  -1.03543    
 1933.6666  -1.16488    
 1933.7500  -1.19056    
 1933.8334  -1.17350    
 1933.9166  -1.43843    
 1934.0000  -1.52243    
 1934.0834  -1.17633    
 1934.1666  -1.02749    
 1934.2500 -0.756737    
 1934.3334 -0.501755    
 1934.4166 -0.351639    
 1934.5000 -0.360631    
 1934.5834 -0.422645    
 1934.6666 -0.542829    
 1934.7500 -0.415087    
 1934.8334 -0.251181    
 1934.9166 -0.154196    
 1935.0000 -0.301502    
 1935.0834 -0.145742    
 1935.1666 -0.243411E-01
 1935.2500 -0.521880    
 1935.3334 -0.661545    
 1935.4166 -0.701283    
 1935.5000 -0.483300    
 1935.5834 -0.246376    
 1935.6666  0.106511E-01
 1935.7500 -0.516968E-01
 1935.8334 -0.291920    
 1935.9166 -0.128775    
 1936.0000 -0.167372    
 1936.0834 -0.118572    
 1936.1666 -0.252201    
 1936.2500  0.572084E-01
 1936.3334 -0.414046E-01
 1936.4166 -0.156620    
 1936.5000 -0.157180    
 1936.5834 -0.177555    
 1936.6666 -0.769689E-01
 1936.7500 -0.784778E-01
 1936.8334 -0.202420    
 1936.9166 -0.427574    
 1937.0000 -0.480202    
 1937.0834 -0.265512    
 1937.1666 -0.154691    
 1937.2500 -0.458301    
 1937.3334 -0.466833    
 1937.4166 -0.325320    
 1937.5000 -0.320430    
 1937.5834 -0.335045    
 1937.6666 -0.332019    
 1937.7500 -0.203207    
 1937.8334 -0.171580    
 1937.9166 -0.361065    
 1938.0000 -0.636621    
 1938.0834 -0.330682    
 1938.1666 -0.296400    
 1938.2500 -0.543530    
 1938.3334 -0.700810    
 1938.4166 -0.917883    
 1938.5000  -1.61977    
 1938.5834  -1.43251    
 1938.6666  -1.06257    
 1938.7500 -0.856899    
 1938.8334  -1.17211    
 1938.9166  -1.05997    
 1939.0000  -1.08793    
 1939.0834 -0.787030    
 1939.1666 -0.263570    
 1939.2500 -0.298362    
 1939.3334 -0.532114    
 1939.4166 -0.483729    
 1939.5000 -0.184902    
 1939.5834  0.237934    
 1939.6666 -0.256359    
 1939.7500 -0.475086    
 1939.8334 -0.578231    
 1939.9166 -0.159150E-01
 1940.0000  0.573408    
 1940.0834  0.493628    
 1940.1666  0.660769    
 1940.2500  0.153199    
 1940.3334 -0.152246E-01
 1940.4166  0.176611    
 1940.5000  0.334790    
 1940.5834  0.825285    
 1940.6666   1.09839    
 1940.7500  0.568693    
 1940.8334  0.863830    
 1940.9166  0.732704    
 1941.0000  0.769857    
 1941.0834  0.822167    
 1941.1666  0.968310    
 1941.2500  0.815860    
 1941.3334  0.766786    
 1941.4166  0.784261    
 1941.5000  0.656668    
 1941.5834  0.730255    
 1941.6666  0.476201    
 1941.7500  0.867353    
 1941.8334   1.00232    
 1941.9166  0.875875    
 1942.0000  0.798368    
 1942.0834  0.653868    
 1942.1666  0.585150    
 1942.2500  0.913449    
 1942.3334  0.712606    
 1942.4166  0.578270    
 1942.5000  0.108689    
 1942.5834 -0.274235    
 1942.6666 -0.518999    
 1942.7500 -0.550068    
 1942.8334 -0.619287    
 1942.9166 -0.888563    
 1943.0000  -1.11531    
 1943.0834 -0.177452    
 1943.1666 -0.218500    
 1943.2500 -0.907996E-01
 1943.3334 -0.117794    
 1943.4166  0.142301    
 1943.5000  0.189028    
 1943.5834  0.676840E-01
 1943.6666 -0.937986E-02
 1943.7500 -0.250227    
 1943.8334 -0.311820    
 1943.9166 -0.195564    
 1944.0000 -0.847914E-01
 1944.0834 -0.794181E-02
 1944.1666  0.158410    
 1944.2500  0.190509    
 1944.3334  0.307846    
 1944.4166  0.425290    
 1944.5000  0.456848    
 1944.5834  0.318785    
 1944.6666  0.198271    
 1944.7500 -0.124148    
 1944.8334  0.255800    
 1944.9166  0.321464    
 1945.0000  0.105188    
 1945.0834 -0.406192    
 1945.1666 -0.713955    
 1945.2500 -0.697577    
 1945.3334 -0.588015    
 1945.4166 -0.508740    
 1945.5000 -0.301080    
 1945.5834 -0.236576    
 1945.6666  0.113270    
 1945.7500  0.112072    
 1945.8334  0.363081    
 1945.9166  0.280275    
 1946.0000 -0.361344E-02
 1946.0834  0.153317    
 1946.1666  0.487389    
 1946.2500  0.693629    
 1946.3334  0.923055    
 1946.4166  0.970760    
 1946.5000  0.886079    
 1946.5834  0.948195    
 1946.6666  0.811411    
 1946.7500  0.772854    
 1946.8334  0.500230    
 1946.9166  0.566275    
 1947.0000  0.184319    
 1947.0834  0.240227    
 1947.1666  0.207770    
 1947.2500  0.528819    
 1947.3334  0.393486    
 1947.4166  0.668440    
 1947.5000  0.380240    
 1947.5834  0.103304    
 1947.6666 -0.313850    
 1947.7500 -0.873559    
 1947.8334  0.814894E-01
 1947.9166  0.214445    
 1948.0000  0.818666E-01
 1948.0834  0.159647    
 1948.1666  -1.09386    
 1948.2500  0.786029    
 1948.3334   1.21342    
 1948.4166   1.19223    
 1948.5000  0.503599    
 1948.5834 -0.277216    
 1948.6666 -0.392080    
 1948.7500 -0.282097    
 1948.8334   1.80115    
 1948.9166  0.649150E-01
 1949.0000  0.164947    
 1949.0834  0.948817E-02
 1949.1666 -0.118091    
 1949.2500 -0.208531    
 1949.3334 -0.299414    
 1949.4166 -0.321749    
 1949.5000 -0.842204E-01
 1949.5834 -0.127476    
 1949.6666 -0.236518    
 1949.7500 -0.759949    
 1949.8334 -0.861757    
 1949.9166 -0.819283    
 1950.0000 -0.810669    
 1950.0834  -1.02400    
 1950.1666  -1.04195    
 1950.2500 -0.827177    
 1950.3334 -0.615154    
 1950.4166 -0.264189    
 1950.5000 -0.574231    
 1950.5834 -0.781856    
 1950.6666 -0.905118    
 1950.7500 -0.915389    
 1950.8334 -0.891367    
 1950.9166 -0.854283    
 1951.0000 -0.599981    
 1951.0834 -0.685230    
 1951.1666 -0.100511    
 1951.2500  0.182879    
 1951.3334  0.525326    
 1951.4166  0.497831    
 1951.5000  0.336539    
 1951.5834 -0.794540E-01
 1951.6666  0.941421E-01
 1951.7500  0.152754    
 1951.8334  0.366329    
 1951.9166  0.318424    
 1952.0000  0.388168    
 1952.0834  0.260207    
 1952.1666  0.197110    
 1952.2500  0.327470    
 1952.3334  0.197256    
 1952.4166  0.129507E-01
 1952.5000 -0.167291    
 1952.5834 -0.352384    
 1952.6666 -0.133189E-01
 1952.7500 -0.179718    
 1952.8334  0.785294E-01
 1952.9166  0.137865    
 1953.0000  0.236917    
 1953.0834  0.166357    
 1953.1666  0.140389    
 1953.2500  0.264719    
 1953.3334  0.343275    
 1953.4166  0.596550    
 1953.5000  0.550749    
 1953.5834  0.566176    
 1953.6666  0.291350    
 1953.7500  0.372254    
 1953.8334  0.415640    
 1953.9166  0.599186    
 1954.0000  0.503057    
 1954.0834  0.446808    
 1954.1666  0.847289E-01
 1954.2500 -0.636296E-01
 1954.3334 -0.129133    
 1954.4166 -0.168329    
 1954.5000 -0.403060    
 1954.5834 -0.618916    
 1954.6666 -0.768258    
 1954.7500 -0.863729    
 1954.8334 -0.469060    
 1954.9166 -0.496756    
 1955.0000 -0.305422    
 1955.0834 -0.432273    
 1955.1666 -0.343030    
 1955.2500 -0.459661    
 1955.3334 -0.344435    
 1955.4166 -0.244969    
 1955.5000 -0.270171    
 1955.5834 -0.578556    
 1955.6666 -0.453849    
 1955.7500  -1.01988    
 1955.8334  -1.37964    
 1955.9166 -0.977053    
 1956.0000 -0.942029    
 1956.0834 -0.794380    
 1956.1666 -0.589481    
 1956.2500 -0.516940    
 1956.3334 -0.552365    
 1956.4166 -0.398020    
 1956.5000 -0.457120    
 1956.5834 -0.776806    
 1956.6666 -0.810148    
 1956.7500 -0.535618    
 1956.8334 -0.288350    
 1956.9166 -0.116924    
 1957.0000  0.285376E-01
 1957.0834  0.132668    
 1957.1666  0.163550    
 1957.2500  0.401920    
 1957.3334  0.484876    
 1957.4166  0.158411    
 1957.5000  0.824496E-01
 1957.5834  0.417916    
 1957.6666  0.527270    
 1957.7500  0.705623    
 1957.8334  0.713619    
 1957.9166  0.773134    
 1958.0000   1.13978    
 1958.0834   1.32862    
 1958.1666   1.14212    
 1958.2500  0.793698    
 1958.3334  0.595476    
 1958.4166  0.580860    
 1958.5000  0.445448    
 1958.5834  0.449995    
 1958.6666  0.378642    
 1958.7500  0.515022    
 1958.8334  0.486770    
 1958.9166  0.656836    
 1959.0000  0.637438    
 1959.0834  0.543238    
 1959.1666  0.395619    
 1959.2500  0.469409    
 1959.3334  0.222456    
 1959.4166 -0.666094E-01
 1959.5000  0.899962E-02
 1959.5834  0.839350E-01
 1959.6666  0.448801E-01
 1959.7500  0.551342E-01
 1959.8334 -0.132561    
 1959.9166 -0.102255    
 1960.0000 -0.330843    
 1960.0834 -0.359453    
 1960.1666 -0.213500    
 1960.2500 -0.168160    
 1960.3334 -0.509836E-01
 1960.4166 -0.149590    
 1960.5000 -0.201082    
 1960.5834 -0.168575    
 1960.6666 -0.123439    
 1960.7500  0.265922E-01
 1960.8334  0.192390    
 1960.9166  0.206705    
 1961.0000  0.531876E-01
 1961.0834  0.833482E-01
 1961.1666 -0.411701E-01
 1961.2500 -0.220941    
 1961.3334 -0.177275    
 1961.4166  0.168510    
 1961.5000 -0.766104E-01
 1961.5834 -0.178715    
 1961.6666 -0.169790    
 1961.7500 -0.386686    
 1961.8334 -0.164361    
 1961.9166 -0.101135    
 1962.0000 -0.240002    
 1962.0834 -0.164163    
 1962.1666  0.193199E-01
 1962.2500 -0.358706E-01
 1962.3334 -0.251055    
 1962.4166 -0.901803E-01
 1962.5000 -0.154180    
 1962.5834 -0.222006    
 1962.6666 -0.234779    
 1962.7500 -0.248568    
 1962.8334 -0.208861    
 1962.9166 -0.300015    
 1963.0000 -0.294682    
 1963.0834 -0.167423    
 1963.1666  0.826989E-01
 1963.2500  0.888684E-01
 1963.3334 -0.319846E-01
 1963.4166 -0.986794E-01
 1963.5000  0.207879    
 1963.5834  0.511204    
 1963.6666  0.719191    
 1963.7500  0.797052    
 1963.8334  0.598340    
 1963.9166  0.455074    
 1964.0000  0.581858    
 1964.0834  0.439528    
 1964.1666  0.469689E-01
 1964.2500  0.293994E-01
 1964.3334 -0.817736E-01
 1964.4166 -0.332079    
 1964.5000 -0.463001    
 1964.5834 -0.662216    
 1964.6666  -1.06102    
 1964.7500 -0.959879    
 1964.8334  -1.07906    
 1964.9166 -0.933513    
 1965.0000 -0.405422    
 1965.0834 -0.139133    
 1965.1666 -0.586101E-01
 1965.2500 -0.247821    
 1965.3334  0.971854E-01
 1965.4166  0.444480    
 1965.5000  0.511448    
 1965.5834  0.727326    
 1965.6666  0.661831    
 1965.7500  0.897123    
 1965.8334  0.888229    
 1965.9166  0.800995    
 1966.0000  0.757908    
 1966.0834  0.838427    
 1966.1666   1.11846    
 1966.2500  0.547139    
 1966.3334  0.410197    
 1966.4166  0.507961    
 1966.5000  0.596280    
 1966.5834  0.329725    
 1966.6666  0.352980    
 1966.7500  0.313433    
 1966.8334  0.369570    
 1966.9166  0.172945    
 1967.0000 -0.354822    
 1967.0834 -0.439233    
 1967.1666 -0.936901E-01
 1967.2500  0.106950    
 1967.3334  0.105415    
 1967.4166  0.459307E-01
 1967.5000  0.847496E-01
 1967.5834 -0.101850E-01
 1967.6666 -0.122240    
 1967.7500  0.142732E-01
 1967.8334  0.404294E-01
 1967.9166  0.564840E-01
 1968.0000 -0.647534E-01
 1968.0834 -0.524518E-01
 1968.1666 -0.186901E-01
 1968.2500 -0.315096E-01
 1968.3334 -0.219654    
 1968.4166  0.277271    
 1968.5000  0.175679    
 1968.5834  0.278855    
 1968.6666  0.253041    
 1968.7500  0.360523    
 1968.8334  0.723180    
 1968.9166  0.795425    
 1969.0000   1.12266    
 1969.0834   1.25019    
 1969.1666  0.906199    
 1969.2500  0.667760    
 1969.3334  0.496567    
 1969.4166  0.380269    
 1969.5000  0.258990    
 1969.5834  0.457834    
 1969.6666  0.671620    
 1969.7500  0.830402    
 1969.8334  0.777950    
 1969.9166  0.604275    
 1970.0000  0.572588    
 1970.0834  0.678708    
 1970.1666  0.508189    
 1970.2500  0.474830    
 1970.3334  0.366556    
 1970.4166  0.284780    
 1970.5000  0.301469    
 1970.5834 -0.980150E-01
 1970.6666 -0.442329    
 1970.7500 -0.503267    
 1970.8334 -0.500960    
 1970.9166 -0.988213    
 1971.0000  -1.12652    
 1971.0834 -0.810950    
 1971.1666 -0.720035    
 1971.2500 -0.693097    
 1971.3334 -0.672354    
 1971.4166 -0.526259    
 1971.5000 -0.579031    
 1971.5834 -0.642246    
 1971.6666 -0.836028    
 1971.7500 -0.679409    
 1971.8334 -0.429570    
 1971.9166 -0.235476    
 1972.0000 -0.177412    
 1972.0834  0.135468    
 1972.1666  0.265620    
 1972.2500  0.504958    
 1972.3334  0.590076    
 1972.4166  0.588430    
 1972.5000  0.586079    
 1972.5834  0.463545    
 1972.6666  0.602292    
 1972.7500  0.801832    
 1972.8334  0.951799    
 1972.9166   1.01561    
 1973.0000   1.02274    
 1973.0834  0.883957    
 1973.1666  0.531340    
 1973.2500  0.204610    
 1973.3334 -0.119675    
 1973.4166 -0.271370    
 1973.5000 -0.373090    
 1973.5834 -0.575766    
 1973.6666 -0.782708    
 1973.7500  -1.06752    
 1973.8334  -1.30919    
 1973.9166  -1.49234    
 1974.0000  -1.44127    
 1974.0834 -0.993160    
 1974.1666 -0.704405    
 1974.2500 -0.793997    
 1974.3334 -0.792280    
 1974.4166 -0.652693    
 1974.5000 -0.532361    
 1974.5834 -0.274006    
 1974.6666 -0.514190    
 1974.7500 -0.664069    
 1974.8334 -0.646297    
 1974.9166 -0.624485    
 1975.0000 -0.238663    
 1975.0834 -0.298628E-01
 1975.1666 -0.216960    
 1975.2500 -0.374230    
 1975.3334 -0.479365    
 1975.4166 -0.684883    
 1975.5000 -0.802921    
 1975.5834  -1.00356    
 1975.6666  -1.40003    
 1975.7500  -1.46623    
 1975.8334  -1.41151    
 1975.9166  -1.37435    
 1976.0000  -1.05907    
 1976.0834 -0.650762    
 1976.1666 -0.406681    
 1976.2500 -0.191590    
 1976.3334 -0.241444    
 1976.4166 -0.205899    
 1976.5000 -0.655114E-01
 1976.5834  0.978360E-01
 1976.6666  0.123662    
 1976.7500  0.552563    
 1976.8334  0.544339    
 1976.9166  0.232666    
 1977.0000  0.301847    
 1977.0834  0.268778    
 1977.1666  0.268309    
 1977.2500  0.339158    
 1977.3334  0.196115    
 1977.4166  0.333881    
 1977.5000  0.590708    
 1977.5834  0.543234    
 1977.6666  0.685181    
 1977.7500  0.669924    
 1977.8334  0.691949    
 1977.9166  0.792206    
 1978.0000  0.715248    
 1978.0834  0.529448    
 1978.1666  0.230719    
 1978.2500 -0.100131    
 1978.3334  0.120756    
 1978.4166 -0.489354E-03
 1978.5000 -0.553724E-01
 1978.5834 -0.148195    
 1978.6666 -0.493879E-01
 1978.7500 -0.105547    
 1978.8334  0.764194E-01
 1978.9166  0.219484    
 1979.0000  0.389917    
 1979.0834  0.355288    
 1979.1666  0.311659    
 1979.2500  0.263969    
 1979.3334  0.196806    
 1979.4166  0.204780    
 1979.5000  0.249680    
 1979.5834  0.168345    
 1979.6666  0.315550    
 1979.7500  0.380142    
 1979.8334  0.599290    
 1979.9166  0.542536    
 1980.0000  0.636229    
 1980.0834  0.653218    
 1980.1666  0.535800    
 1980.2500  0.531619    
 1980.3334  0.600466    
 1980.4166  0.567051    
 1980.5000  0.546580    
 1980.5834  0.237074    
 1980.6666  0.228961    
 1980.7500  0.408182    
 1980.8334  0.376720    
 1980.9166  0.301796    
 1981.0000  0.167797    
 1981.0834  0.101197    
 1981.1666  0.132250    
 1981.2500 -0.475106E-01
 1981.3334 -0.129814    
 1981.4166 -0.972903E-01
 1981.5000 -0.126840    
 1981.5834 -0.166185    
 1981.6666  0.315112E-02
 1981.7500  0.143772    
 1981.8334  0.202699    
 1981.9166  0.254354    
 1982.0000  0.305658    
 1982.0834  0.278687    
 1982.1666  0.487710    
 1982.2500  0.699029    
 1982.3334  0.733846    
 1982.4166  0.827690    
 1982.5000  0.591939    
 1982.5834  0.577324    
 1982.6666  0.702851    
 1982.7500  0.988983    
 1982.8334  0.908340    
 1982.9166  0.886314    
 1983.0000  0.761217    
 1983.0834  0.754887    
 1983.1666  0.624510    
 1983.2500  0.467038    
 1983.3334  0.530496    
 1983.4166  0.415950    
 1983.5000  0.269540    
 1983.5834  0.138355    
 1983.6666 -0.131050    
 1983.7500 -0.299988    
 1983.8334 -0.369330    
 1983.9166 -0.323216    
 1984.0000 -0.298471    
 1984.0834 -0.182392    
 1984.1666 -0.286590    
 1984.2500 -0.349141    
 1984.3334 -0.315825    
 1984.4166 -0.201510    
 1984.5000 -0.833714E-01
 1984.5834 -0.832650E-01
 1984.6666  0.462611E-01
 1984.7500 -0.135857    
 1984.8334 -0.353680    
 1984.9166 -0.382345    
 1985.0000 -0.155062    
 1985.0834 -0.247913    
 1985.1666 -0.371721    
 1985.2500 -0.441201    
 1985.3334 -0.468744    
 1985.4166 -0.428959    
 1985.5000 -0.212014E-01
 1985.5834  0.396540E-01
 1985.6666 -0.254589E-01
 1985.7500  0.164642    
 1985.8334  0.193759    
 1985.9166  0.279776    
 1986.0000  0.208649    
 1986.0834  0.172108    
 1986.1666  0.234299    
 1986.2500  0.941994E-01
 1986.3334  0.170866    
 1986.4166  0.306100    
 1986.5000  0.445250    
 1986.5834  0.686165    
 1986.6666  0.746871    
 1986.7500  0.788553    
 1986.8334  0.878999    
 1986.9166  0.762094    
 1987.0000  0.674328    
 1987.0834  0.861857    
 1987.1666  0.891690    
 1987.2500  0.729218    
 1987.3334  0.734236    
 1987.4166  0.954571    
 1987.5000  0.983859    
 1987.5834   1.01484    
 1987.6666   1.18150    
 1987.7500   1.25127    
 1987.8334   1.27512    
 1987.9166   1.16969    
 1988.0000   1.01537    
 1988.0834  0.820418    
 1988.1666  0.558199    
 1988.2500  0.185109    
 1988.3334 -0.160504    
 1988.4166 -0.333330    
 1988.5000 -0.335511    
 1988.5834 -0.737760E-01
 1988.6666 -0.286760    
 1988.7500  -1.03285    
 1988.8334  -1.16031    
 1988.9166  -1.14521    
 1989.0000  -1.17799    
 1989.0834 -0.957570    
 1989.1666 -0.603321    
 1989.2500 -0.417830    
 1989.3334 -0.203674    
 1989.4166 -0.380129    
 1989.5000 -0.223871    
 1989.5834 -0.167246    
 1989.6666  0.290611E-01
 1989.7500  0.677032E-01
 1989.8334 -0.146405E-01
 1989.9166  0.344564    
 1990.0000  0.564558    
 1990.0834  0.746518    
 1990.1666  0.723359    
 1990.2500  0.539430    
 1990.3334  0.390677    
 1990.4166  0.437860    
 1990.5000  0.653929    
 1990.5834  0.768444    
 1990.6666  0.715971    
 1990.7500  0.855574    
 1990.8334  0.848150    
 1990.9166  0.915455    
 1991.0000  0.925879    
 1991.0834  0.878197    
 1991.1666  0.764500    
 1991.2500  0.787499    
 1991.3334  0.856926    
 1991.4166  0.861400    
 1991.5000  0.999098    
 1991.5834  0.988844    
 1991.6666  0.887421    
 1991.7500   1.13617    
 1991.8334   1.11512    
 1991.9166   1.12664    
 1992.0000  0.988258    
 1992.0834   1.16259    
 1992.1666  0.996560    
 1992.2500  0.890630    
 1992.3334  0.773796    
 1992.4166  0.716520    
 1992.5000  0.831929    
 1992.5834  0.734225    
 1992.6666  0.563471    
 1992.7500  0.477753    
 1992.8334  0.484470    
 1992.9166  0.607124    
 1993.0000  0.768118    
 1993.0834  0.565468    
 1993.1666  0.539460    
 1993.2500  0.542560    
 1993.3334  0.514625    
 1993.4166  0.583370    
 1993.5000  0.648209    
 1993.5834  0.638905    
 1993.6666  0.726981    
 1993.7500  0.488623    
 1993.8334  0.610839    
 1993.9166  0.620125    
 1994.0000  0.566917    
 1994.0834  0.387097    
 1994.1666  0.565409    
 1994.2500  0.588229    
 1994.3334  0.608255    
 1994.4166  0.733171    
 1994.5000   1.00079    
 1994.5834   1.20176    
 1994.6666   1.01512    
 1994.7500   1.12573    
 1994.8334   1.23350    
 1994.9166   1.30152    
 1995.0000   1.14438    
 1995.0834   1.16104    
 1995.1666   1.11437    
 1995.2500  0.880488    
 1995.3334  0.801105    
 1995.4166  0.618030    
 1995.5000  0.552149    
 1995.5834  0.371756    
 1995.6666  0.178330    
 1995.7500  0.136824    
 1995.8334  0.490946E-02
 1995.9166 -0.378060E-01
 1996.0000 -0.173134E-01
 1996.0834 -0.436028E-01
 1996.1666  0.878889E-01
 1996.2500  0.118594E-01
 1996.3334  0.567454E-01
 1996.4166  0.163900    
 1996.5000  0.182139    
 1996.5834  0.307005    
 1996.6666  0.198420    
 1996.7500  0.214332    
 1996.8334  0.274009    
 1996.9166  0.335106    
 1997.0000  0.424127    
 1997.0834  0.595698    
 1997.1666  0.683100    
 1997.2500   1.06202    
 1997.3334  0.943506    
 1997.4166  0.815721    
 1997.5000   1.03759    
 1997.5834   1.03279    
 1997.6666   1.11720    
 1997.7500   1.07924    
 1997.8334   1.12658    
 1997.9166   1.02571    
 1998.0000  0.997698    
 1998.0834   1.00222    
 1998.1666  0.696259    
 1998.2500  0.339370    
 1998.3334  0.337107    
 1998.4166  0.920306E-01
 1998.5000  0.497609E-03
 1998.5834 -0.221655    
 1998.6666 -0.251869    
 1998.7500 -0.642729    
 1998.8334 -0.805277    
 1998.9166 -0.965773    
 1999.0000  -1.10212    
 1999.0834 -0.992830    
 1999.1666 -0.657765    
 1999.2500 -0.490022    
 1999.3334 -0.366354    
 1999.4166 -0.342200    
 1999.5000 -0.400121    
 1999.5834 -0.358265    
 1999.6666 -0.290199    
 1999.7500 -0.306948    
 1999.8334 -0.595700    
 1999.9166 -0.776063    
 2000.0000 -0.752939    
 2000.0834 -0.876830    
 2000.1666 -0.874225    
 2000.2500 -0.729037    
 2000.3334 -0.572205    
 2000.4166 -0.287560    
 2000.5000 -0.389614E-01
 2000.5834 -0.250950E-01
 2000.6666  0.232421E-01
 2000.7500 -0.739478E-01
 2000.8334 -0.223090    
 2000.9166 -0.405335    
 2001.0000 -0.443243    
 2001.0834 -0.333232    
 2001.1666 -0.139341    
 2001.2500  0.159940E-02
 2001.3334  0.138466    
 2001.4166  0.466121    
 2001.5000  0.709059    
 2001.5834  0.732315    
 2001.6666  0.810900    
 2001.7500  0.772262    
 2001.8334  0.611879    
 2001.9166  0.500524    
 2002.0000  0.760328    
 2002.0834  0.846367    
 2002.1666  0.743460    
 2002.2500  0.893949    
 2002.3334   1.05115    
 2002.4166   1.08986    
 2002.5000   1.19377    
 2002.5834   1.15740    
 2002.6666   1.08594    
 2002.7500   1.16472    
 2002.8334   1.34739    
 2002.9166   1.26447    
 2003.0000  0.982138    
 2003.0834   1.02829    
 2003.1666   1.00755    
 2003.2500  0.811460    
 2003.3334  0.475265    
 2003.4166  0.644270    
 2003.5000  0.756819    
 2003.5834  0.763436    
 2003.6666  0.786021    
 2003.7500  0.946194    
 2003.8334  0.928819    
 2003.9166  0.900104    
 2004.0000  0.860998    
 2004.0834  0.802908    
 2004.1666  0.613530    
 2004.2500  0.510169    
 2004.3334  0.580086    
 2004.4166  0.682880    
 2004.5000  0.915108    
 2004.5834   1.04813    
 2004.6666   1.19160    
 2004.7500   1.23577    
 2004.8334   1.25308    
 2004.9166   1.30386    
 2005.0000   1.29242    
 2005.0834   1.08817    
 2005.1666   1.04376    
 2005.2500  0.823190    
 2005.3334  0.685245    
 2005.4166  0.643400    
 2005.5000  0.473069    
 2005.5834  0.610106    
 2005.6666  0.658291    
 2005.7500  0.670162    
 2005.8334  0.379080    
 2005.9166  0.156795    
 2006.0000 -0.551934E-01
 2006.0834 -0.215032    
 2006.1666 -0.649901E-01
 2006.2500  0.168988    
 2006.3334  0.388626    
 2006.4166  0.664161    
 2006.5000  0.782139    
 2006.5834  0.929884    
 2006.6666   1.08812    
 2006.7500   1.12435    
 2006.8334   1.27088    
 2006.9166   1.25809    
 2007.0000   1.05198    
 2007.0834  0.911437    
 2007.1666  0.857020    
 2007.2500  0.625049    
 2007.3334  0.477876    
 2007.4166  0.466621    
 2007.5000  0.468868    
 2007.5834  0.329516    
 2007.6666  0.278401E-01
 2007.7500 -0.118008    
 2007.8334 -0.315781    
 2007.9166 -0.401135    
 2008.0000 -0.705669    
 2008.0834 -0.913050    
 2008.1666 -0.655205    
 2008.2500 -0.494861    
 2008.3334 -0.470604    
 2008.4166 -0.418919    
 2008.5000 -0.260501    
 2008.5834 -0.132286    
 2008.6666 -0.102418    
 2008.7500 -0.353678E-01
 2008.8334 -0.146790    
 2008.9166 -0.249645    
 2009.0000 -0.341673    
 2009.0834 -0.229503    
 2009.1666  0.259899E-01
 2009.2500  0.305049    
 2009.3334  0.445316    
 2009.4166  0.696951    
 2009.5000  0.835728    
 2009.5834   1.01180    
 2009.6666   1.15664    
 2009.7500   1.42918    
 2009.8334   1.56010    
 2009.9166   1.51631    
 2010.0000   1.40828    
 2010.0834   1.21364    
 2010.1666   1.17966    
 2010.2500   1.04437    
 2010.3334  0.667206    
 2010.4166  0.313810    
 2010.5000 -0.792924E-01
 2010.5834 -0.540685    
 2010.6666 -0.747938    
 2010.7500 -0.803059    
 2010.8334 -0.770147    
 2010.9166 -0.731183    
 2011.0000 -0.667599    
 2011.0834 -0.315103    
 2011.1666 -0.166011E-01
 2011.2500  0.799841E-02
 2011.3334  0.606254E-01
 2011.4166  0.146911    
 2011.5000  0.173720    
 2011.5834 -0.706500E-02
 2011.6666 -0.260389    
 2011.7500 -0.242577    
 2011.8334 -0.347161    
 2011.9166 -0.424995    
 2012.0000 -0.389853    
 2012.0834 -0.194173    
 2012.1666 -0.106731    
 2012.2500 -0.132106E-01
 2012.3334  0.773874E-01
 2012.4166  0.283191    
 2012.5000  0.387968    
 2012.5834  0.564795    
 2012.6666  0.768420    
 2012.7500  0.850313    
 2012.8334  0.803890    
 2012.9166  0.523914    
 2013.0000  0.461128    
 2013.0834  0.252679    
 2013.1666  0.818878E-03
 2013.2500  0.157748    
 2013.3334  0.130716    
 2013.4166  0.293401    
 2013.5000  0.292969    
 2013.5834  0.444245    
 2013.6666  0.458420    
 2013.7500  0.501873    
 2013.8334  0.367130    
 2013.9166  0.328655    
 2014.0000  0.160738    
 2014.0834  0.373858    
 2014.1666  0.479699    
 2014.2500  0.657119    
 2014.3334  0.600015    
 2014.4166  0.516521    
 2014.5000  0.627650    
 2014.5834  0.788155    
 2014.6666  0.891270    
 2014.7500  0.931482    
 2014.8334   1.05643    
 2014.9166   1.12264    
 2015.0000   1.11191    
 2015.0834   1.13205    
 2015.1666   1.19446    
 2015.2500   1.35936    
 2015.3334   1.26835    
 2015.4166   1.22986    
 2015.5000   1.16441    
 2015.5834   1.25096    
 2015.6666   1.22334    

